5
79 52
7 38 63 36 12 23 1 8 11 15 69 9 72 18 59 22 56 32 26 40 60 44 20 52 21 73 30 61 58 0 50 39 29 27 57 47 16 53 66 70 35 41 77 25 6 46 54 76 28 71 78 51 42 48 74 24 49 17 33 55 19 4 37 14 64 65 10 13 5 62 3 68 43 2 34 45 67 31 75
81 59
35 34 32 43 24 0 36 65 69 74 64 18 63 7 58 14 21 51 45 17 42 13 12 38 62 37 40 23 57 5 1 67 16 44 25 19 73 76 6 8 59 48 66 29 3 71 39 50 9 75 2 30 49 26 60 10 33 31 53 80 52 56 11 78 4 61 47 46 55 22 28 68 72 77 79 54 20 27 15 41 70
63 89
10 45 2 33 22 9 47 54 23 14 15 6 38 26 20 34 48 59 40 37 49 36 1 53 43 29 12 3 27 56 39 62 25 35 19 0 18 50 28 46 55 24 41 11 5 30 21 61 16 51 13 57 32 31 7 60 52 44 17 42 8 4 58
100 57
56 41 98 85 44 29 26 27 74 8 80 22 2 77 46 87 15 92 23 39 12 55 69 61 53 9 99 14 30 37 25 82 65 13 93 90 70 72 17 63 96 51 76 57 45 49 5 4 64 34 50 73 75 81 67 18 21 1 42 89 33 20 24 62 35 7 59 95 47 66 91 16 83 78 48 58 43 40 54 38 28 71 19 52 94 60 88 6 10 84 86 11 36 79 68 32 97 3 0 31
54 77
47 17 4 14 5 30 39 27 38 6 9 50 19 32 49 44 42 13 52 12 2 24 10 26 34 48 35 43 20 51 3 0 46 23 36 45 40 29 31 16 8 18 28 15 25 22 53 11 37 33 7 21 41 1
